              precision    recall  f1-score   support

           0       0.93      0.76      0.84        17
           1       1.00      0.95      0.97        20
           2       0.87      0.87      0.87        15
           3       0.71      0.80      0.75        15
           4       1.00      0.92      0.96        13
           5       0.77      1.00      0.87        10

    accuracy                           0.88        90
   macro avg       0.88      0.88      0.88        90
weighted avg       0.89      0.88      0.88        90

[[13  0  0  3  0  1]
 [ 0 19  0  0  0  1]
 [ 0  0 13  2  0  0]
 [ 1  0  2 12  0  0]
 [ 0  0  0  0 12  1]
 [ 0  0  0  0  0 10]]

