              precision    recall  f1-score   support

           0       0.94      0.94      0.94        17
           1       0.95      0.95      0.95        20
           2       0.92      0.80      0.86        15
           3       0.82      0.93      0.87        15
           4       0.00      0.00      0.00        13
           5       0.43      1.00      0.61        10

    accuracy                           0.79        90
   macro avg       0.68      0.77      0.70        90
weighted avg       0.73      0.79      0.74        90

[[16  0  0  1  0  0]
 [ 1 19  0  0  0  0]
 [ 0  1 12  2  0  0]
 [ 0  0  1 14  0  0]
 [ 0  0  0  0  0 13]
 [ 0  0  0  0  0 10]]

